% N = 3
%{
M1 = 1.000000, S1 = 0.333333, C1 = 0.000000
M1 = 2.000000, S1 = 0.444444, C1 = 0.111111
M1 = 3.000000, S1 = 0.444444, C1 = 0.259259
M1 = 4.000000, S1 = 0.395062, C1 = 0.407407
M1 = 5.000000, S1 = 0.329218, C1 = 0.539095
M1 = 6.000000, S1 = 0.263374, C1 = 0.648834
M1 = 7.000000, S1 = 0.204847, C1 = 0.736626
M1 = 8.000000, S1 = 0.156074, C1 = 0.804908
M1 = 9.000000, S1 = 0.117055, C1 = 0.856932
M1 = 10.000000, S1 = 0.086708, C1 = 0.895951
M1 = 11.000000, S1 = 0.063586, C1 = 0.924853
M1 = 12.000000, S1 = 0.046244, C1 = 0.946049
M1 = 13.000000, S1 = 0.033399, C1 = 0.961463
M1 = 14.000000, S1 = 0.023978, C1 = 0.972596
M1 = 15.000000, S1 = 0.017127, C1 = 0.980589
M1 = 16.000000, S1 = 0.012180, C1 = 0.986298
M1 = 17.000000, S1 = 0.008627, C1 = 0.990358
M1 = 18.000000, S1 = 0.006090, C1 = 0.993234
M1 = 19.000000, S1 = 0.004285, C1 = 0.995264
M1 = 20.000000, S1 = 0.003007, C1 = 0.996692
M1 = 21.000000, S1 = 0.002105, C1 = 0.997694
M1 = 22.000000, S1 = 0.001470, C1 = 0.998396
M1 = 23.000000, S1 = 0.001025, C1 = 0.998886
M1 = 24.000000, S1 = 0.000713, C1 = 0.999228
M1 = 25.000000, S1 = 0.000495, C1 = 0.999465
M1 = 26.000000, S1 = 0.000343, C1 = 0.999630
M1 = 27.000000, S1 = 0.000238, C1 = 0.999745
M1 = 28.000000, S1 = 0.000164, C1 = 0.999824
M1 = 29.000000, S1 = 0.000113, C1 = 0.999879
M1 = 30.000000, S1 = 0.000078, C1 = 0.999917
}%

% N = 14
%{
M2 = 1.000000, S2 = 0.071429, C2 = 0.000000
M2 = 2.000000, S2 = 0.132653, C2 = 0.005102
M2 = 3.000000, S2 = 0.184767, C2 = 0.014577
M2 = 4.000000, S2 = 0.228759, C2 = 0.027775
M2 = 5.000000, S2 = 0.265524, C2 = 0.044115
M2 = 6.000000, S2 = 0.295869, C2 = 0.063081
M2 = 7.000000, S2 = 0.320525, C2 = 0.084214
M2 = 8.000000, S2 = 0.340149, C2 = 0.107109
M2 = 9.000000, S2 = 0.355334, C2 = 0.131405
M2 = 10.000000, S2 = 0.366615, C2 = 0.156786
M2 = 11.000000, S2 = 0.374471, C2 = 0.182973
M2 = 12.000000, S2 = 0.379334, C2 = 0.209721
M2 = 13.000000, S2 = 0.381592, C2 = 0.236816
M2 = 14.000000, S2 = 0.381592, C2 = 0.264073
M2 = 15.000000, S2 = 0.379645, C2 = 0.291329
M2 = 16.000000, S2 = 0.376029, C2 = 0.318447
M2 = 17.000000, S2 = 0.370993, C2 = 0.345306
M2 = 18.000000, S2 = 0.364758, C2 = 0.371806
M2 = 19.000000, S2 = 0.357521, C2 = 0.397860
M2 = 20.000000, S2 = 0.349456, C2 = 0.423397
M2 = 21.000000, S2 = 0.340720, C2 = 0.448358
M2 = 22.000000, S2 = 0.331449, C2 = 0.472695
M2 = 23.000000, S2 = 0.321763, C2 = 0.496370
M2 = 24.000000, S2 = 0.311771, C2 = 0.519353
M2 = 25.000000, S2 = 0.301564, C2 = 0.541623
M2 = 26.000000, S2 = 0.291225, C2 = 0.563163
M2 = 27.000000, S2 = 0.280824, C2 = 0.583965
M2 = 28.000000, S2 = 0.270423, C2 = 0.604024
M2 = 29.000000, S2 = 0.260075, C2 = 0.623339
M2 = 30.000000, S2 = 0.249826, C2 = 0.641916
M2 = 31.000000, S2 = 0.239714, C2 = 0.659761
M2 = 32.000000, S2 = 0.229772, C2 = 0.676883
M2 = 33.000000, S2 = 0.220027, C2 = 0.693296
M2 = 34.000000, S2 = 0.210502, C2 = 0.709012
M2 = 35.000000, S2 = 0.201215, C2 = 0.724048
M2 = 36.000000, S2 = 0.192181, C2 = 0.738420
}%
